.Random.seed <-
c(403L, 10L, 1410796524L, 2087510127L, -1126367323L, 1400997724L, 
-1873573070L, 1440903725L, 2059919591L, -1386933746L, -153800728L, 
613274091L, 1267802761L, 656677400L, -1930800826L, -1924210783L, 
-1343843789L, -1344344158L, 864610964L, 736862487L, -1426899187L, 
955299364L, -35086838L, 667395957L, -957992241L, -250444330L, 
1679182208L, 241926595L, -1001547935L, -1800458800L, 611425582L, 
1775381721L, 1232332523L, 489685850L, 653284636L, 1304175647L, 
-221222795L, -2068695796L, 1197873378L, -975728195L, 111580727L, 
-752775970L, 1141282840L, -946747525L, -81049831L, -1257874520L, 
1057966934L, -1812999215L, -990447741L, 2061361682L, -332991068L, 
-774557337L, -873062723L, -171317708L, -449340006L, -1872991771L, 
1517114751L, -1070965498L, -444692848L, 767070003L, -867496751L, 
-527509888L, -1388347554L, 500554921L, -1168847013L, -1903319702L, 
1410099212L, -263438257L, -1158694651L, -1846824516L, 293475474L, 
-2025025651L, 374724551L, -1994789714L, -910951160L, 121611L, 
-1129384471L, -1173986632L, 360342886L, 838499841L, -431470445L, 
1295569730L, -463196940L, -1955858185L, 1683665133L, -1948470396L, 
-33673814L, -1166109931L, 1113403823L, 1276850614L, -1510127648L, 
-585857245L, -1464469439L, 1834881840L, -1259808434L, -2042025031L, 
667336139L, -1087394182L, -250723460L, 1402555327L, -144853867L, 
-920757588L, 1423218818L, 279017565L, 1040346967L, 1095938622L, 
-183323016L, 709481819L, -134490951L, -967557880L, -243155018L, 
-1968691983L, -965467357L, -1749027470L, 674516932L, -1108345977L, 
546179421L, -421468332L, -155034246L, 1828063429L, 1030085151L, 
903679398L, 1109974832L, -1635428909L, -311426063L, -104631008L, 
-1771134018L, -876123191L, 1033309051L, 1953446218L, -384313940L, 
-2071248721L, 1343355493L, 1273545244L, -1861288846L, 74941165L, 
697782055L, 2009164622L, -32218200L, 2097186731L, -1889504055L, 
-1248828200L, 320772486L, 2045177953L, 1474421235L, 110948450L, 
-349829420L, -511819817L, -324022835L, -1926993564L, -41304758L, 
-1039467339L, 1457990671L, -699972330L, -312483904L, -1318708349L, 
-725403231L, 358114704L, -1046415762L, 1558663193L, -1482019669L, 
636915866L, 1576587356L, -1921901217L, -1546381515L, -590812468L, 
698165282L, 109077117L, -377665673L, -683730786L, 1891411800L, 
62608059L, -870654887L, -375003160L, 1986269718L, -1874143855L, 
-2052657597L, -1295131310L, -559070748L, 2131468327L, 1450519677L, 
1868403060L, 2117999962L, 439565221L, 768789439L, 1121605702L, 
1880643280L, 1388658931L, 1460647441L, -484462528L, 134362142L, 
-1400216855L, 1044641819L, -1729630166L, -346991796L, 1903042831L, 
248083525L, -546327044L, 118658130L, -264342067L, -1233516665L, 
-438119826L, 1737589320L, -1070910389L, -1160649303L, -1597990664L, 
1375607846L, -474915519L, -1948661037L, -1114328446L, -183609164L, 
-1230350281L, -292132051L, -1173217212L, -388928150L, 60635605L, 
-1923641489L, 1741674102L, -1311860320L, 1843519075L, 971507457L, 
-2132928912L, -509087218L, -298911111L, 1729160715L, 1829115706L, 
-2097476036L, -1236159105L, -482093355L, 775021588L, -567176920L, 
-591021510L, -1997675312L, -1936163732L, -1364713804L, 1271371794L, 
136835040L, -942015540L, -5581344L, 1789278754L, -1071200984L, 
-1458561780L, 1071560252L, -363443982L, 1387112176L, 252211012L, 
-848976296L, -2026837446L, -853242128L, -630875972L, -1523283436L, 
-1948758846L, 1835314272L, 159579516L, -1792898864L, -1701823454L, 
701503144L, 889736076L, -1245477444L, 1011971122L, -1530581184L, 
1310868660L, -126795960L, -1118264646L, 1881108240L, 585790700L, 
1109531732L, 750444306L, 1001082784L, 2096223180L, 1714162528L, 
-1505483582L, 1915682344L, 1764310444L, 758553404L, -1073338510L, 
-474882256L, -710941148L, 980393016L, -1973962534L, 1183657360L, 
-641189124L, 852222868L, 356912962L, 715896320L, -1073963460L, 
-626376112L, -853619038L, 393866056L, -992292340L, -522741540L, 
-1517692334L, 1151424640L, 1832870740L, 428834280L, -1941414150L, 
2077801296L, 1476537388L, 1046292852L, 101246610L, 392662624L, 
-581867892L, -806791328L, -1913343262L, 1124049064L, 914791628L, 
-887537156L, -1354721358L, -627033616L, -50768444L, 2081567576L, 
198164346L, 694887856L, -838234692L, 871656532L, 610172866L, 
-1088563424L, -1680141380L, 1330253392L, -2045539870L, -186129048L, 
-503773876L, 1010490620L, 338891506L, 1660627712L, -105144716L, 
-1737319416L, -1533072966L, 34909136L, 1578354156L, -679759980L, 
2060279506L, -928421280L, -492276404L, -857042656L, -1690823038L, 
344327656L, -1364694036L, 2063665724L, -621730190L, 1403788144L, 
2041444644L, 2041027128L, 1751390618L, 687398352L, -1352487492L, 
-685874028L, 146243714L, -1904462400L, 1682290492L, 2088568976L, 
-2064925918L, 304312840L, -1681604340L, 703187356L, 594504210L, 
-1507401856L, -1009691884L, 17484072L, 456462394L, -1539968048L, 
-795400596L, -1357249996L, 1206453906L, -2141328032L, -192962228L, 
-266562592L, -1978162782L, 1622114728L, 1044881036L, -1134664260L, 
1477485170L, -1749689360L, -1203779004L, 1609207896L, -1471978438L, 
875592816L, -324131780L, 66366740L, 2118341314L, 733546208L, 
-98792324L, 931672784L, -1883070046L, -2125384664L, -1510230260L, 
-987187780L, -1277491406L, -1248751936L, 891934772L, 21212872L, 
-993077062L, 2035360400L, 1971488492L, -1887067564L, -1827979630L, 
1086493984L, 459095500L, -375017760L, -1688707902L, 1909361704L, 
2085782444L, 227624636L, -1132496910L, 310010416L, -1624966236L, 
-1778616904L, 1453193050L, -555067248L, 763987836L, -1271147244L, 
56062274L, -1656718080L, 2056012220L, -1627468464L, 111917346L, 
2119156296L, 936528908L, 496616028L, 867169746L, 829193728L, 
-384814764L, -1442294552L, 1496922362L, 1786061520L, 429281068L, 
573697268L, -306592366L, 1381505376L, 379176972L, 1620011232L, 
-650238366L, 242495656L, 1452304460L, 964654972L, -49033934L, 
1318305392L, -2107955388L, 1229212632L, -1363357830L, 1406112816L, 
-659710020L, -978527660L, -254443454L, -1780541792L, -2121979204L, 
-1019496496L, 1000806754L, 1704983272L, -49154868L, 905644540L, 
1843782130L, -1953062784L, -294085132L, 1224702600L, -793594054L, 
-1962222680L, -54202106L, 289624115L, -2086680939L, 234307314L, 
-1436299456L, -1877234519L, 1533833499L, 927811308L, -217679110L, 
-1444412625L, -1452782791L, 1865878862L, 2067245980L, 294854925L, 
2035524471L, -1338402944L, -1043986978L, 1340447403L, -1669204563L, 
1196010010L, -1956467496L, 856789313L, 1789553139L, -693772268L, 
-661297758L, 1129407159L, 952634497L, -271909754L, -423618364L, 
-1559890443L, -1817239457L, -2030347592L, -504626282L, 529469859L, 
2022896997L, -548182910L, 171585008L, -767853671L, 143220107L, 
-626599812L, 1907444394L, 1480746207L, 199086697L, -585420674L, 
1569065068L, 1363120317L, -266395257L, 1751061872L, 423112718L, 
2121706811L, 1786171933L, 294799050L, 307532264L, -424393007L, 
1212461763L, 1200855492L, -1591185806L, 998993735L, 1016639249L, 
1172775574L, -1208293388L, 579514757L, 462031L, -1946200632L, 
287771750L, 2071317139L, 1677365749L, -1155458094L, 1870938144L, 
-1580807671L, 542675771L, 188413580L, -1274709222L, 841469327L, 
1438401241L, -1715258002L, -1139891972L, 63179373L, -165038569L, 
1403786208L, 2044149694L, -6419061L, 2130361869L, 2000581178L, 
1793587832L, -1808944607L, -2056909613L, 2040454132L, 1804258434L, 
1678349591L, -667196447L, 486802726L, 1817699364L, -519381291L, 
1091115647L, 642202392L, -1808768458L, 190522563L, 120551685L, 
-898969438L, -108996976L, -28511687L, -1312314645L, 631438300L, 
-273678838L, 1985577215L, 1632286025L, 488785630L, 1904872588L, 
77782109L, 41263719L, -227333232L, 1655725998L, -1647608229L, 
2005570109L, 2062292138L, -931072696L, -528365199L, -1791131933L, 
-764283420L, 576895250L, 822457575L, 2042008241L, 652945654L, 
1707541268L, -1775317979L, -440436433L, 1290387176L, 1469197254L, 
-52662669L, -992780075L, 679504562L, -848272768L, -2010307991L, 
-1189013797L, 1894646316L, -1119249862L, 1533928687L, 817239929L, 
-524792818L, -1356308004L, -1727892915L, -748772937L, 1094385472L, 
